-0.3598558714440969
-0.5697586850436033
-0.8252919390366351
-0.6088290145163313
-0.9787430983552028
-0.9962859830433324
-0.7451328371544648
-0.30570546636989704
-0.7655874642423441
-0.1858074281296176
-0.652876618863754
-0.2371075223384942
-0.007495242640187527
-0.02522714396132386
-0.34963454907645186
-0.03491803882510247
-0.1302083944574406
-0.6799005491953309
-0.7261093659290054
-0.30661047660325735
-0.4555751811401727
-0.2068339567717885
-0.5866627194656955
-0.6233008074852169
-0.3410096224208443
-0.7625110136383331
-0.9063572210110475
-0.7923721946279629
