174.9375
174.825
175.05
174.9375
380.58750000000003
380.475
381.375
382.05
382.725
383.7375
384.4125
385.3125
386.4375
387.3375
388.34999999999997
389.47499999999997
390.825
391.95
393.3
394.875
396.225
397.9125
399.71250000000003
401.62500000000006
403.42500000000007
405.67500000000007
407.70000000000005
410.2875
412.65000000000003
415.35
418.27500000000003
421.425
424.575
427.95
431.66249999999997
435.37499999999994
439.19999999999993
442.9124999999999
447.07499999999993
91.12499999999994
94.83749999999995
98.77499999999995
102.82499999999995
106.42499999999994
110.02499999999993
113.62499999999993
123.97500000000001
123.97500000000001
126.67500000000001
129.26250000000002
131.62500000000003
133.87500000000003
136.01250000000002
138.03750000000002
139.83750000000003
141.63750000000005
143.21250000000003
144.78750000000002
146.25000000000003
147.60000000000002
148.83750000000003
150.07500000000005
151.20000000000005
152.21250000000003
153.22500000000002
154.2375
155.13750000000002
156.03750000000002
156.82500000000002
157.6125
158.4
159.07500000000002
159.75000000000003
160.42500000000004
