-0.5721873739280454
-0.1858821193754414
-0.5658633863151863
-0.16125266627540835
-0.573277515763948
-0.1974802916893168
-0.21448447490446476
-0.9203393600106811
-0.6303288241843896
-0.6838349256301308
-0.45171487838261726
-0.32811650503137635
-0.7421297333919714
-0.15468023078685178
-0.0656317827548829
-0.018636133619510886
-0.5966544434285268
-0.43456849749640014
-0.22146239507451249
-0.701797282269272
-0.6851059189611917
-0.0457322006520009
-0.731879756715891
-0.7636908557160424
-0.2442979453843499
-0.3529513638696713
-0.3503095732611463
-0.5798248262337538
-0.4538565633460472
-0.4461521877211432
-0.07310389697844855
-0.8756392763830654
-0.3811993904006634
-0.07988215520293096
-0.36367458203937986
-0.4859641069993259
-0.509792807436483
-0.25566174580256273
-0.2774225971440032
-0.7636654760973656
-0.6817212332358338
-0.5953319696765931
-0.8004636986883966
-0.3288621232035851
-0.009740261034721698
-0.5064789807352597
